MaxIter : 5500, system size : [40x21]

Directions for respectively fin & fout : 

(0,0)     (1,0)     (2,0)     (3,0)     (4,0)     (5,0)     (6,0)     (7,0)     (8,0)     (9,0)     (10,0)     (11,0)     (12,0)     (13,0)     (14,0)     (15,0)     (16,0)     (17,0)     (18,0)     (19,0)     |   (0,0)     (1,0)     (2,0)     (3,0)     (4,0)     (5,0)     (6,0)     (7,0)     (8,0)     (9,0)     (10,0)     (11,0)     (12,0)     (13,0)     (14,0)     (15,0)     (16,0)     (17,0)     (18,0)     (19,0)     
2 5 8        2 5 8        2 5 8        2 5 8        2 5 8        2 5 8        2 5 8        2 5 8        2 5 8        2 5 8        2 5 8        2 5 8        2 5 8        2 5 8        2 5 8        2 5 8        2 5 8        2 5 8        2 5 8        2 5 8        |   6 3 0        6 3 0        6 3 0        6 3 0        6 3 0        6 3 0        6 3 0        6 3 0        6 3 0        6 3 0        6 3 0        6 3 0        6 3 0        6 3 0        6 3 0        6 3 0        6 3 0        6 3 0        6 3 0        6 3 0        
1 4 7        1 4 7        1 4 7        1 4 7        1 4 7        1 4 7        1 4 7        1 4 7        1 4 7        1 4 7        1 4 7        1 4 7        1 4 7        1 4 7        1 4 7        1 4 7        1 4 7        1 4 7        1 4 7        1 4 7        |   7 4 1        7 4 1        7 4 1        7 4 1        7 4 1        7 4 1        7 4 1        7 4 1        7 4 1        7 4 1        7 4 1        7 4 1        7 4 1        7 4 1        7 4 1        7 4 1        7 4 1        7 4 1        7 4 1        7 4 1        
0 3 6        0 3 6        0 3 6        0 3 6        0 3 6        0 3 6        0 3 6        0 3 6        0 3 6        0 3 6        0 3 6        0 3 6        0 3 6        0 3 6        0 3 6        0 3 6        0 3 6        0 3 6        0 3 6        0 3 6        |   8 5 2        8 5 2        8 5 2        8 5 2        8 5 2        8 5 2        8 5 2        8 5 2        8 5 2        8 5 2        8 5 2        8 5 2        8 5 2        8 5 2        8 5 2        8 5 2        8 5 2        8 5 2        8 5 2        8 5 2        

(0,1)     (1,1)     (2,1)     (3,1)     (4,1)     (5,1)     (6,1)     (7,1)     (8,1)     (9,1)     (10,1)     (11,1)     (12,1)     (13,1)     (14,1)     (15,1)     (16,1)     (17,1)     (18,1)     (19,1)     |   (0,1)     (1,1)     (2,1)     (3,1)     (4,1)     (5,1)     (6,1)     (7,1)     (8,1)     (9,1)     (10,1)     (11,1)     (12,1)     (13,1)     (14,1)     (15,1)     (16,1)     (17,1)     (18,1)     (19,1)     
2 5 8        2 5 8        2 5 8        2 5 8        2 5 8        2 5 8        2 5 8        2 5 8        2 5 8        2 5 8        2 5 8        2 5 8        2 5 8        2 5 8        2 5 8        2 5 8        2 5 8        2 5 8        2 5 8        2 5 8        |   6 3 0        6 3 0        6 3 0        6 3 0        6 3 0        6 3 0        6 3 0        6 3 0        6 3 0        6 3 0        6 3 0        6 3 0        6 3 0        6 3 0        6 3 0        6 3 0        6 3 0        6 3 0        6 3 0        6 3 0        
1 4 7        1 4 7        1 4 7        1 4 7        1 4 7        1 4 7        1 4 7        1 4 7        1 4 7        1 4 7        1 4 7        1 4 7        1 4 7        1 4 7        1 4 7        1 4 7        1 4 7        1 4 7        1 4 7        1 4 7        |   7 4 1        7 4 1        7 4 1        7 4 1        7 4 1        7 4 1        7 4 1        7 4 1        7 4 1        7 4 1        7 4 1        7 4 1        7 4 1        7 4 1        7 4 1        7 4 1        7 4 1        7 4 1        7 4 1        7 4 1        
0 3 6        0 3 6        0 3 6        0 3 6        0 3 6        0 3 6        0 3 6        0 3 6        0 3 6        0 3 6        0 3 6        0 3 6        0 3 6        0 3 6        0 3 6        0 3 6        0 3 6        0 3 6        0 3 6        0 3 6        |   8 5 2        8 5 2        8 5 2        8 5 2        8 5 2        8 5 2        8 5 2        8 5 2        8 5 2        8 5 2        8 5 2        8 5 2        8 5 2        8 5 2        8 5 2        8 5 2        8 5 2        8 5 2        8 5 2        8 5 2        

(0,2)     (1,2)     (2,2)     (3,2)     (4,2)     (5,2)     (6,2)     (7,2)     (8,2)     (9,2)     (10,2)     (11,2)     (12,2)     (13,2)     (14,2)     (15,2)     (16,2)     (17,2)     (18,2)     (19,2)     |   (0,2)     (1,2)     (2,2)     (3,2)     (4,2)     (5,2)     (6,2)     (7,2)     (8,2)     (9,2)     (10,2)     (11,2)     (12,2)     (13,2)     (14,2)     (15,2)     (16,2)     (17,2)     (18,2)     (19,2)     
2 5 8        2 5 8        2 5 8        2 5 8        2 5 8        2 5 8        2 5 8        2 5 8        2 5 8        2 5 8        2 5 8        2 5 8        2 5 8        2 5 8        2 5 8        2 5 8        2 5 8        2 5 8        2 5 8        2 5 8        |   6 3 0        6 3 0        6 3 0        6 3 0        6 3 0        6 3 0        6 3 0        6 3 0        6 3 0        6 3 0        6 3 0        6 3 0        6 3 0        6 3 0        6 3 0        6 3 0        6 3 0        6 3 0        6 3 0        6 3 0        
1 4 7        1 4 7        1 4 7        1 4 7        1 4 7        1 4 7        1 4 7        1 4 7        1 4 7        1 4 7        1 4 7        1 4 7        1 4 7        1 4 7        1 4 7        1 4 7        1 4 7        1 4 7        1 4 7        1 4 7        |   7 4 1        7 4 1        7 4 1        7 4 1        7 4 1        7 4 1        7 4 1        7 4 1        7 4 1        7 4 1        7 4 1        7 4 1        7 4 1        7 4 1        7 4 1        7 4 1        7 4 1        7 4 1        7 4 1        7 4 1        
0 3 6        0 3 6        0 3 6        0 3 6        0 3 6        0 3 6        0 3 6        0 3 6        0 3 6        0 3 6        0 3 6        0 3 6        0 3 6        0 3 6        0 3 6        0 3 6        0 3 6        0 3 6        0 3 6        0 3 6        |   8 5 2        8 5 2        8 5 2        8 5 2        8 5 2        8 5 2        8 5 2        8 5 2        8 5 2        8 5 2        8 5 2        8 5 2        8 5 2        8 5 2        8 5 2        8 5 2        8 5 2        8 5 2        8 5 2        8 5 2        

(0,3)     (1,3)     (2,3)     (3,3)     (4,3)     (5,3)     (6,3)     (7,3)     (8,3)     (9,3)     (10,3)     (11,3)     (12,3)     (13,3)     (14,3)     (15,3)     (16,3)     (17,3)     (18,3)     (19,3)     |   (0,3)     (1,3)     (2,3)     (3,3)     (4,3)     (5,3)     (6,3)     (7,3)     (8,3)     (9,3)     (10,3)     (11,3)     (12,3)     (13,3)     (14,3)     (15,3)     (16,3)     (17,3)     (18,3)     (19,3)     
2 5 8        2 5 8        2 5 8        2 5 8        2 5 8        2 5 8        2 5 8        2 5 8        2 5 8        2 5 8        2 5 8        2 5 8        2 5 8        2 5 8        2 5 8        2 5 8        2 5 8        2 5 8        2 5 8        2 5 8        |   6 3 0        6 3 0        6 3 0        6 3 0        6 3 0        6 3 0        6 3 0        6 3 0        6 3 0        6 3 0        6 3 0        6 3 0        6 3 0        6 3 0        6 3 0        6 3 0        6 3 0        6 3 0        6 3 0        6 3 0        
1 4 7        1 4 7        1 4 7        1 4 7        1 4 7        1 4 7        1 4 7        1 4 7        1 4 7        1 4 7        1 4 7        1 4 7        1 4 7        1 4 7        1 4 7        1 4 7        1 4 7        1 4 7        1 4 7        1 4 7        |   7 4 1        7 4 1        7 4 1        7 4 1        7 4 1        7 4 1        7 4 1        7 4 1        7 4 1        7 4 1        7 4 1        7 4 1        7 4 1        7 4 1        7 4 1        7 4 1        7 4 1        7 4 1        7 4 1        7 4 1        
0 3 6        0 3 6        0 3 6        0 3 6        0 3 6        0 3 6        0 3 6        0 3 6        0 3 6        0 3 6        0 3 6        0 3 6        0 3 6        0 3 6        0 3 6        0 3 6        0 3 6        0 3 6        0 3 6        0 3 6        |   8 5 2        8 5 2        8 5 2        8 5 2        8 5 2        8 5 2        8 5 2        8 5 2        8 5 2        8 5 2        8 5 2        8 5 2        8 5 2        8 5 2        8 5 2        8 5 2        8 5 2        8 5 2        8 5 2        8 5 2        

(0,4)     (1,4)     (2,4)     (3,4)     (4,4)     (5,4)     (6,4)     (7,4)     (8,4)     (9,4)     (10,4)     (11,4)     (12,4)     (13,4)     (14,4)     (15,4)     (16,4)     (17,4)     (18,4)     (19,4)     |   (0,4)     (1,4)     (2,4)     (3,4)     (4,4)     (5,4)     (6,4)     (7,4)     (8,4)     (9,4)     (10,4)     (11,4)     (12,4)     (13,4)     (14,4)     (15,4)     (16,4)     (17,4)     (18,4)     (19,4)     
2 5 8        2 5 8        2 5 8        2 5 8        2 5 8        2 5 8        2 5 8        2 5 8        2 5 8        2 5 8        2 5 8        2 5 8        2 5 8        2 5 8        2 5 8        2 5 8        2 5 8        2 5 8        2 5 8        2 5 8        |   6 3 0        6 3 0        6 3 0        6 3 0        6 3 0        6 3 0        6 3 0        6 3 0        6 3 0        6 3 0        6 3 0        6 3 0        6 3 0        6 3 0        6 3 0        6 3 0        6 3 0        6 3 0        6 3 0        6 3 0        
1 4 7        1 4 7        1 4 7        1 4 7        1 4 7        1 4 7        1 4 7        1 4 7        1 4 7        1 4 7        1 4 7        1 4 7        1 4 7        1 4 7        1 4 7        1 4 7        1 4 7        1 4 7        1 4 7        1 4 7        |   7 4 1        7 4 1        7 4 1        7 4 1        7 4 1        7 4 1        7 4 1        7 4 1        7 4 1        7 4 1        7 4 1        7 4 1        7 4 1        7 4 1        7 4 1        7 4 1        7 4 1        7 4 1        7 4 1        7 4 1        
0 3 6        0 3 6        0 3 6        0 3 6        0 3 6        0 3 6        0 3 6        0 3 6        0 3 6        0 3 6        0 3 6        0 3 6        0 3 6        0 3 6        0 3 6        0 3 6        0 3 6        0 3 6        0 3 6        0 3 6        |   8 5 2        8 5 2        8 5 2        8 5 2        8 5 2        8 5 2        8 5 2        8 5 2        8 5 2        8 5 2        8 5 2        8 5 2        8 5 2        8 5 2        8 5 2        8 5 2        8 5 2        8 5 2        8 5 2        8 5 2        

(0,5)     (1,5)     (2,5)     (3,5)     (4,5)     (5,5)     (6,5)     (7,5)     (8,5)     (9,5)     (10,5)     (11,5)     (12,5)     (13,5)     (14,5)     (15,5)     (16,5)     (17,5)     (18,5)     (19,5)     |   (0,5)     (1,5)     (2,5)     (3,5)     (4,5)     (5,5)     (6,5)     (7,5)     (8,5)     (9,5)     (10,5)     (11,5)     (12,5)     (13,5)     (14,5)     (15,5)     (16,5)     (17,5)     (18,5)     (19,5)     
2 5 8        2 5 8        2 5 8        2 5 8        2 5 8        2 5 8        2 5 8        2 5 8        2 5 8        2 5 8        2 5 8        2 5 8        2 5 8        2 5 8        2 5 8        2 5 8        2 5 8        2 5 8        2 5 8        2 5 8        |   6 3 0        6 3 0        6 3 0        6 3 0        6 3 0        6 3 0        6 3 0        6 3 0        6 3 0        6 3 0        6 3 0        6 3 0        6 3 0        6 3 0        6 3 0        6 3 0        6 3 0        6 3 0        6 3 0        6 3 0        
1 4 7        1 4 7        1 4 7        1 4 7        1 4 7        1 4 7        1 4 7        1 4 7        1 4 7        1 4 7        1 4 7        1 4 7        1 4 7        1 4 7        1 4 7        1 4 7        1 4 7        1 4 7        1 4 7        1 4 7        |   7 4 1        7 4 1        7 4 1        7 4 1        7 4 1        7 4 1        7 4 1        7 4 1        7 4 1        7 4 1        7 4 1        7 4 1        7 4 1        7 4 1        7 4 1        7 4 1        7 4 1        7 4 1        7 4 1        7 4 1        
0 3 6        0 3 6        0 3 6        0 3 6        0 3 6        0 3 6        0 3 6        0 3 6        0 3 6        0 3 6        0 3 6        0 3 6        0 3 6        0 3 6        0 3 6        0 3 6        0 3 6        0 3 6        0 3 6        0 3 6        |   8 5 2        8 5 2        8 5 2        8 5 2        8 5 2        8 5 2        8 5 2        8 5 2        8 5 2        8 5 2        8 5 2        8 5 2        8 5 2        8 5 2        8 5 2        8 5 2        8 5 2        8 5 2        8 5 2        8 5 2        

(0,6)     (1,6)     (2,6)     (3,6)     (4,6)     (5,6)     (6,6)     (7,6)     (8,6)     (9,6)     (10,6)     (11,6)     (12,6)     (13,6)     (14,6)     (15,6)     (16,6)     (17,6)     (18,6)     (19,6)     |   (0,6)     (1,6)     (2,6)     (3,6)     (4,6)     (5,6)     (6,6)     (7,6)     (8,6)     (9,6)     (10,6)     (11,6)     (12,6)     (13,6)     (14,6)     (15,6)     (16,6)     (17,6)     (18,6)     (19,6)     
2 5 8        2 5 8        2 5 8        2 5 8        2 5 8        2 5 8        2 5 8        2 5 8        2 5 8        2 5 8        2 5 8        2 5 8        2 5 8        2 5 8        2 5 8        2 5 8        2 5 8        2 5 8        2 5 8        2 5 8        |   6 3 0        6 3 0        6 3 0        6 3 0        6 3 0        6 3 0        6 3 0        6 3 0        6 3 0        6 3 0        6 3 0        6 3 0        6 3 0        6 3 0        6 3 0        6 3 0        6 3 0        6 3 0        6 3 0        6 3 0        
1 4 7        1 4 7        1 4 7        1 4 7        1 4 7        1 4 7        1 4 7        1 4 7        1 4 7        1 4 7        1 4 7        1 4 7        1 4 7        1 4 7        1 4 7        1 4 7        1 4 7        1 4 7        1 4 7        1 4 7        |   7 4 1        7 4 1        7 4 1        7 4 1        7 4 1        7 4 1        7 4 1        7 4 1        7 4 1        7 4 1        7 4 1        7 4 1        7 4 1        7 4 1        7 4 1        7 4 1        7 4 1        7 4 1        7 4 1        7 4 1        
0 3 6        0 3 6        0 3 6        0 3 6        0 3 6        0 3 6        0 3 6        0 3 6        0 3 6        0 3 6        0 3 6        0 3 6        0 3 6        0 3 6        0 3 6        0 3 6        0 3 6        0 3 6        0 3 6        0 3 6        |   8 5 2        8 5 2        8 5 2        8 5 2        8 5 2        8 5 2        8 5 2        8 5 2        8 5 2        8 5 2        8 5 2        8 5 2        8 5 2        8 5 2        8 5 2        8 5 2        8 5 2        8 5 2        8 5 2        8 5 2        

(0,7)     (1,7)     (2,7)     (3,7)     (4,7)     (5,7)     (6,7)     (7,7)     (8,7)     (9,7)     (10,7)     (11,7)     (12,7)     (13,7)     (14,7)     (15,7)     (16,7)     (17,7)     (18,7)     (19,7)     |   (0,7)     (1,7)     (2,7)     (3,7)     (4,7)     (5,7)     (6,7)     (7,7)     (8,7)     (9,7)     (10,7)     (11,7)     (12,7)     (13,7)     (14,7)     (15,7)     (16,7)     (17,7)     (18,7)     (19,7)     
2 5 8        2 5 8        2 5 8        2 5 8        2 5 8        2 5 8        2 5 8        2 5 8        2 5 8        2 5 8        2 5 8        2 5 8        2 5 8        2 5 8        2 5 8        2 5 8        2 5 8        2 5 8        2 5 8        2 5 8        |   6 3 0        6 3 0        6 3 0        6 3 0        6 3 0        6 3 0        6 3 0        6 3 0        6 3 0        6 3 0        6 3 0        6 3 0        6 3 0        6 3 0        6 3 0        6 3 0        6 3 0        6 3 0        6 3 0        6 3 0        
1 4 7        1 4 7        1 4 7        1 4 7        1 4 7        1 4 7        1 4 7        1 4 7        1 4 7        1 4 7        1 4 7        1 4 7        1 4 7        1 4 7        1 4 7        1 4 7        1 4 7        1 4 7        1 4 7        1 4 7        |   7 4 1        7 4 1        7 4 1        7 4 1        7 4 1        7 4 1        7 4 1        7 4 1        7 4 1        7 4 1        7 4 1        7 4 1        7 4 1        7 4 1        7 4 1        7 4 1        7 4 1        7 4 1        7 4 1        7 4 1        
0 3 6        0 3 6        0 3 6        0 3 6        0 3 6        0 3 6        0 3 6        0 3 6        0 3 6        0 3 6        0 3 6        0 3 6        0 3 6        0 3 6        0 3 6        0 3 6        0 3 6        0 3 6        0 3 6        0 3 6        |   8 5 2        8 5 2        8 5 2        8 5 2        8 5 2        8 5 2        8 5 2        8 5 2        8 5 2        8 5 2        8 5 2        8 5 2        8 5 2        8 5 2        8 5 2        8 5 2        8 5 2        8 5 2        8 5 2        8 5 2        

(0,8)     (1,8)     (2,8)     (3,8)     (4,8)     (5,8)     (6,8)     (7,8)     (8,8)     (9,8)     (10,8)     (11,8)     (12,8)     (13,8)     (14,8)     (15,8)     (16,8)     (17,8)     (18,8)     (19,8)     |   (0,8)     (1,8)     (2,8)     (3,8)     (4,8)     (5,8)     (6,8)     (7,8)     (8,8)     (9,8)     (10,8)     (11,8)     (12,8)     (13,8)     (14,8)     (15,8)     (16,8)     (17,8)     (18,8)     (19,8)     
2 5 8        2 5 8        2 5 8        2 5 8        2 5 8        2 5 8        2 5 8        2 5 8        2 5 8        2 5 8        2 5 8        2 5 8        2 5 8        2 5 8        2 5 8        2 5 8        2 5 8        2 5 8        2 5 8        2 5 8        |   6 3 0        6 3 0        6 3 0        6 3 0        6 3 0        6 3 0        6 3 0        6 3 0        6 3 0        6 3 0        6 3 0        6 3 0        6 3 0        6 3 0        6 3 0        6 3 0        6 3 0        6 3 0        6 3 0        6 3 0        
1 4 7        1 4 7        1 4 7        1 4 7        1 4 7        1 4 7        1 4 7        1 4 7        1 4 7        1 4 7        1 4 7        1 4 7        1 4 7        1 4 7        1 4 7        1 4 7        1 4 7        1 4 7        1 4 7        1 4 7        |   7 4 1        7 4 1        7 4 1        7 4 1        7 4 1        7 4 1        7 4 1        7 4 1        7 4 1        7 4 1        7 4 1        7 4 1        7 4 1        7 4 1        7 4 1        7 4 1        7 4 1        7 4 1        7 4 1        7 4 1        
0 3 6        0 3 6        0 3 6        0 3 6        0 3 6        0 3 6        0 3 6        0 3 6        0 3 6        0 3 6        0 3 6        0 3 6        0 3 6        0 3 6        0 3 6        0 3 6        0 3 6        0 3 6        0 3 6        0 3 6        |   8 5 2        8 5 2        8 5 2        8 5 2        8 5 2        8 5 2        8 5 2        8 5 2        8 5 2        8 5 2        8 5 2        8 5 2        8 5 2        8 5 2        8 5 2        8 5 2        8 5 2        8 5 2        8 5 2        8 5 2        

(0,9)     (1,9)     (2,9)     (3,9)     (4,9)     (5,9)     (6,9)     (7,9)     (8,9)     (9,9)     (10,9)     (11,9)     (12,9)     (13,9)     (14,9)     (15,9)     (16,9)     (17,9)     (18,9)     (19,9)     |   (0,9)     (1,9)     (2,9)     (3,9)     (4,9)     (5,9)     (6,9)     (7,9)     (8,9)     (9,9)     (10,9)     (11,9)     (12,9)     (13,9)     (14,9)     (15,9)     (16,9)     (17,9)     (18,9)     (19,9)     
2 5 8        2 5 8        2 5 8        2 5 8        2 5 8        2 5 8        2 5 8        2 5 8        2 5 8        2 5 8        2 5 8        2 5 8        2 5 8        2 5 8        2 5 8        2 5 8        2 5 8        2 5 8        2 5 8        2 5 8        |   6 3 0        6 3 0        6 3 0        6 3 0        6 3 0        6 3 0        6 3 0        6 3 0        6 3 0        6 3 0        6 3 0        6 3 0        6 3 0        6 3 0        6 3 0        6 3 0        6 3 0        6 3 0        6 3 0        6 3 0        
1 4 7        1 4 7        1 4 7        1 4 7        1 4 7        1 4 7        1 4 7        1 4 7        1 4 7        1 4 7        1 4 7        1 4 7        1 4 7        1 4 7        1 4 7        1 4 7        1 4 7        1 4 7        1 4 7        1 4 7        |   7 4 1        7 4 1        7 4 1        7 4 1        7 4 1        7 4 1        7 4 1        7 4 1        7 4 1        7 4 1        7 4 1        7 4 1        7 4 1        7 4 1        7 4 1        7 4 1        7 4 1        7 4 1        7 4 1        7 4 1        
0 3 6        0 3 6        0 3 6        0 3 6        0 3 6        0 3 6        0 3 6        0 3 6        0 3 6        0 3 6        0 3 6        0 3 6        0 3 6        0 3 6        0 3 6        0 3 6        0 3 6        0 3 6        0 3 6        0 3 6        |   8 5 2        8 5 2        8 5 2        8 5 2        8 5 2        8 5 2        8 5 2        8 5 2        8 5 2        8 5 2        8 5 2        8 5 2        8 5 2        8 5 2        8 5 2        8 5 2        8 5 2        8 5 2        8 5 2        8 5 2        

(0,10)     (1,10)     (2,10)     (3,10)     (4,10)     (5,10)     (6,10)     (7,10)     (8,10)     (9,10)     (10,10)     (11,10)     (12,10)     (13,10)     (14,10)     (15,10)     (16,10)     (17,10)     (18,10)     (19,10)     |   (0,10)     (1,10)     (2,10)     (3,10)     (4,10)     (5,10)     (6,10)     (7,10)     (8,10)     (9,10)     (10,10)     (11,10)     (12,10)     (13,10)     (14,10)     (15,10)     (16,10)     (17,10)     (18,10)     (19,10)     
2 5 8        2 5 8        2 5 8        2 5 8        2 5 8        2 5 8        2 5 8        2 5 8        2 5 8        2 5 8        2 5 8        2 5 8        2 5 8        2 5 8        2 5 8        2 5 8        2 5 8        2 5 8        2 5 8        2 5 8        |   6 3 0        6 3 0        6 3 0        6 3 0        6 3 0        6 3 0        6 3 0        6 3 0        6 3 0        6 3 0        6 3 0        6 3 0        6 3 0        6 3 0        6 3 0        6 3 0        6 3 0        6 3 0        6 3 0        6 3 0        
1 4 7        1 4 7        1 4 7        1 4 7        1 4 7        1 4 7        1 4 7        1 4 7        1 4 7        1 4 7        1 4 7        1 4 7        1 4 7        1 4 7        1 4 7        1 4 7        1 4 7        1 4 7        1 4 7        1 4 7        |   7 4 1        7 4 1        7 4 1        7 4 1        7 4 1        7 4 1        7 4 1        7 4 1        7 4 1        7 4 1        7 4 1        7 4 1        7 4 1        7 4 1        7 4 1        7 4 1        7 4 1        7 4 1        7 4 1        7 4 1        
0 3 6        0 3 6        0 3 6        0 3 6        0 3 6        0 3 6        0 3 6        0 3 6        0 3 6        0 3 6        0 3 6        0 3 6        0 3 6        0 3 6        0 3 6        0 3 6        0 3 6        0 3 6        0 3 6        0 3 6        |   8 5 2        8 5 2        8 5 2        8 5 2        8 5 2        8 5 2        8 5 2        8 5 2        8 5 2        8 5 2        8 5 2        8 5 2        8 5 2        8 5 2        8 5 2        8 5 2        8 5 2        8 5 2        8 5 2        8 5 2        

Horizontal Velocity                                                      | Vertical Velocity


u[0,0,0]    u[0,1,0]    u[0,2,0]    u[0,3,0]    u[0,4,0]    u[0,5,0]    u[0,6,0]    u[0,7,0]    u[0,8,0]    u[0,9,0]    u[0,10,0]    u[0,11,0]    u[0,12,0]    u[0,13,0]    u[0,14,0]    u[0,15,0]    u[0,16,0]    u[0,17,0]    u[0,18,0]    u[0,19,0]    |   u[1,0,0]    u[1,1,0]    u[1,2,0]    u[1,3,0]    u[1,4,0]    u[1,5,0]    u[1,6,0]    u[1,7,0]    u[1,8,0]    u[1,9,0]    u[1,10,0]    u[1,11,0]    u[1,12,0]    u[1,13,0]    u[1,14,0]    u[1,15,0]    u[1,16,0]    u[1,17,0]    u[1,18,0]    u[1,19,0]    

u[0,0,1]    u[0,1,1]    u[0,2,1]    u[0,3,1]    u[0,4,1]    u[0,5,1]    u[0,6,1]    u[0,7,1]    u[0,8,1]    u[0,9,1]    u[0,10,1]    u[0,11,1]    u[0,12,1]    u[0,13,1]    u[0,14,1]    u[0,15,1]    u[0,16,1]    u[0,17,1]    u[0,18,1]    u[0,19,1]    |   u[1,0,1]    u[1,1,1]    u[1,2,1]    u[1,3,1]    u[1,4,1]    u[1,5,1]    u[1,6,1]    u[1,7,1]    u[1,8,1]    u[1,9,1]    u[1,10,1]    u[1,11,1]    u[1,12,1]    u[1,13,1]    u[1,14,1]    u[1,15,1]    u[1,16,1]    u[1,17,1]    u[1,18,1]    u[1,19,1]    

u[0,0,2]    u[0,1,2]    u[0,2,2]    u[0,3,2]    u[0,4,2]    u[0,5,2]    u[0,6,2]    u[0,7,2]    u[0,8,2]    u[0,9,2]    u[0,10,2]    u[0,11,2]    u[0,12,2]    u[0,13,2]    u[0,14,2]    u[0,15,2]    u[0,16,2]    u[0,17,2]    u[0,18,2]    u[0,19,2]    |   u[1,0,2]    u[1,1,2]    u[1,2,2]    u[1,3,2]    u[1,4,2]    u[1,5,2]    u[1,6,2]    u[1,7,2]    u[1,8,2]    u[1,9,2]    u[1,10,2]    u[1,11,2]    u[1,12,2]    u[1,13,2]    u[1,14,2]    u[1,15,2]    u[1,16,2]    u[1,17,2]    u[1,18,2]    u[1,19,2]    

u[0,0,3]    u[0,1,3]    u[0,2,3]    u[0,3,3]    u[0,4,3]    u[0,5,3]    u[0,6,3]    u[0,7,3]    u[0,8,3]    u[0,9,3]    u[0,10,3]    u[0,11,3]    u[0,12,3]    u[0,13,3]    u[0,14,3]    u[0,15,3]    u[0,16,3]    u[0,17,3]    u[0,18,3]    u[0,19,3]    |   u[1,0,3]    u[1,1,3]    u[1,2,3]    u[1,3,3]    u[1,4,3]    u[1,5,3]    u[1,6,3]    u[1,7,3]    u[1,8,3]    u[1,9,3]    u[1,10,3]    u[1,11,3]    u[1,12,3]    u[1,13,3]    u[1,14,3]    u[1,15,3]    u[1,16,3]    u[1,17,3]    u[1,18,3]    u[1,19,3]    

u[0,0,4]    u[0,1,4]    u[0,2,4]    u[0,3,4]    u[0,4,4]    u[0,5,4]    u[0,6,4]    u[0,7,4]    u[0,8,4]    u[0,9,4]    u[0,10,4]    u[0,11,4]    u[0,12,4]    u[0,13,4]    u[0,14,4]    u[0,15,4]    u[0,16,4]    u[0,17,4]    u[0,18,4]    u[0,19,4]    |   u[1,0,4]    u[1,1,4]    u[1,2,4]    u[1,3,4]    u[1,4,4]    u[1,5,4]    u[1,6,4]    u[1,7,4]    u[1,8,4]    u[1,9,4]    u[1,10,4]    u[1,11,4]    u[1,12,4]    u[1,13,4]    u[1,14,4]    u[1,15,4]    u[1,16,4]    u[1,17,4]    u[1,18,4]    u[1,19,4]    

u[0,0,5]    u[0,1,5]    u[0,2,5]    u[0,3,5]    u[0,4,5]    u[0,5,5]    u[0,6,5]    u[0,7,5]    u[0,8,5]    u[0,9,5]    u[0,10,5]    u[0,11,5]    u[0,12,5]    u[0,13,5]    u[0,14,5]    u[0,15,5]    u[0,16,5]    u[0,17,5]    u[0,18,5]    u[0,19,5]    |   u[1,0,5]    u[1,1,5]    u[1,2,5]    u[1,3,5]    u[1,4,5]    u[1,5,5]    u[1,6,5]    u[1,7,5]    u[1,8,5]    u[1,9,5]    u[1,10,5]    u[1,11,5]    u[1,12,5]    u[1,13,5]    u[1,14,5]    u[1,15,5]    u[1,16,5]    u[1,17,5]    u[1,18,5]    u[1,19,5]    

u[0,0,6]    u[0,1,6]    u[0,2,6]    u[0,3,6]    u[0,4,6]    u[0,5,6]    u[0,6,6]    u[0,7,6]    u[0,8,6]    u[0,9,6]    u[0,10,6]    u[0,11,6]    u[0,12,6]    u[0,13,6]    u[0,14,6]    u[0,15,6]    u[0,16,6]    u[0,17,6]    u[0,18,6]    u[0,19,6]    |   u[1,0,6]    u[1,1,6]    u[1,2,6]    u[1,3,6]    u[1,4,6]    u[1,5,6]    u[1,6,6]    u[1,7,6]    u[1,8,6]    u[1,9,6]    u[1,10,6]    u[1,11,6]    u[1,12,6]    u[1,13,6]    u[1,14,6]    u[1,15,6]    u[1,16,6]    u[1,17,6]    u[1,18,6]    u[1,19,6]    

u[0,0,7]    u[0,1,7]    u[0,2,7]    u[0,3,7]    u[0,4,7]    u[0,5,7]    u[0,6,7]    u[0,7,7]    u[0,8,7]    u[0,9,7]    u[0,10,7]    u[0,11,7]    u[0,12,7]    u[0,13,7]    u[0,14,7]    u[0,15,7]    u[0,16,7]    u[0,17,7]    u[0,18,7]    u[0,19,7]    |   u[1,0,7]    u[1,1,7]    u[1,2,7]    u[1,3,7]    u[1,4,7]    u[1,5,7]    u[1,6,7]    u[1,7,7]    u[1,8,7]    u[1,9,7]    u[1,10,7]    u[1,11,7]    u[1,12,7]    u[1,13,7]    u[1,14,7]    u[1,15,7]    u[1,16,7]    u[1,17,7]    u[1,18,7]    u[1,19,7]    

u[0,0,8]    u[0,1,8]    u[0,2,8]    u[0,3,8]    u[0,4,8]    u[0,5,8]    u[0,6,8]    u[0,7,8]    u[0,8,8]    u[0,9,8]    u[0,10,8]    u[0,11,8]    u[0,12,8]    u[0,13,8]    u[0,14,8]    u[0,15,8]    u[0,16,8]    u[0,17,8]    u[0,18,8]    u[0,19,8]    |   u[1,0,8]    u[1,1,8]    u[1,2,8]    u[1,3,8]    u[1,4,8]    u[1,5,8]    u[1,6,8]    u[1,7,8]    u[1,8,8]    u[1,9,8]    u[1,10,8]    u[1,11,8]    u[1,12,8]    u[1,13,8]    u[1,14,8]    u[1,15,8]    u[1,16,8]    u[1,17,8]    u[1,18,8]    u[1,19,8]    

u[0,0,9]    u[0,1,9]    u[0,2,9]    u[0,3,9]    u[0,4,9]    u[0,5,9]    u[0,6,9]    u[0,7,9]    u[0,8,9]    u[0,9,9]    u[0,10,9]    u[0,11,9]    u[0,12,9]    u[0,13,9]    u[0,14,9]    u[0,15,9]    u[0,16,9]    u[0,17,9]    u[0,18,9]    u[0,19,9]    |   u[1,0,9]    u[1,1,9]    u[1,2,9]    u[1,3,9]    u[1,4,9]    u[1,5,9]    u[1,6,9]    u[1,7,9]    u[1,8,9]    u[1,9,9]    u[1,10,9]    u[1,11,9]    u[1,12,9]    u[1,13,9]    u[1,14,9]    u[1,15,9]    u[1,16,9]    u[1,17,9]    u[1,18,9]    u[1,19,9]    

u[0,0,10]    u[0,1,10]    u[0,2,10]    u[0,3,10]    u[0,4,10]    u[0,5,10]    u[0,6,10]    u[0,7,10]    u[0,8,10]    u[0,9,10]    u[0,10,10]    u[0,11,10]    u[0,12,10]    u[0,13,10]    u[0,14,10]    u[0,15,10]    u[0,16,10]    u[0,17,10]    u[0,18,10]    u[0,19,10]    |   u[1,0,10]    u[1,1,10]    u[1,2,10]    u[1,3,10]    u[1,4,10]    u[1,5,10]    u[1,6,10]    u[1,7,10]    u[1,8,10]    u[1,9,10]    u[1,10,10]    u[1,11,10]    u[1,12,10]    u[1,13,10]    u[1,14,10]    u[1,15,10]    u[1,16,10]    u[1,17,10]    u[1,18,10]    u[1,19,10]    

Rho

rho[0,0]   rho[1,0]   rho[2,0]   rho[3,0]   rho[4,0]   rho[5,0]   rho[6,0]   rho[7,0]   rho[8,0]   rho[9,0]   rho[10,0]   rho[11,0]   rho[12,0]   rho[13,0]   rho[14,0]   rho[15,0]   rho[16,0]   rho[17,0]   rho[18,0]   rho[19,0]   
rho[0,1]   rho[1,1]   rho[2,1]   rho[3,1]   rho[4,1]   rho[5,1]   rho[6,1]   rho[7,1]   rho[8,1]   rho[9,1]   rho[10,1]   rho[11,1]   rho[12,1]   rho[13,1]   rho[14,1]   rho[15,1]   rho[16,1]   rho[17,1]   rho[18,1]   rho[19,1]   
rho[0,2]   rho[1,2]   rho[2,2]   rho[3,2]   rho[4,2]   rho[5,2]   rho[6,2]   rho[7,2]   rho[8,2]   rho[9,2]   rho[10,2]   rho[11,2]   rho[12,2]   rho[13,2]   rho[14,2]   rho[15,2]   rho[16,2]   rho[17,2]   rho[18,2]   rho[19,2]   
rho[0,3]   rho[1,3]   rho[2,3]   rho[3,3]   rho[4,3]   rho[5,3]   rho[6,3]   rho[7,3]   rho[8,3]   rho[9,3]   rho[10,3]   rho[11,3]   rho[12,3]   rho[13,3]   rho[14,3]   rho[15,3]   rho[16,3]   rho[17,3]   rho[18,3]   rho[19,3]   
rho[0,4]   rho[1,4]   rho[2,4]   rho[3,4]   rho[4,4]   rho[5,4]   rho[6,4]   rho[7,4]   rho[8,4]   rho[9,4]   rho[10,4]   rho[11,4]   rho[12,4]   rho[13,4]   rho[14,4]   rho[15,4]   rho[16,4]   rho[17,4]   rho[18,4]   rho[19,4]   
rho[0,5]   rho[1,5]   rho[2,5]   rho[3,5]   rho[4,5]   rho[5,5]   rho[6,5]   rho[7,5]   rho[8,5]   rho[9,5]   rho[10,5]   rho[11,5]   rho[12,5]   rho[13,5]   rho[14,5]   rho[15,5]   rho[16,5]   rho[17,5]   rho[18,5]   rho[19,5]   
rho[0,6]   rho[1,6]   rho[2,6]   rho[3,6]   rho[4,6]   rho[5,6]   rho[6,6]   rho[7,6]   rho[8,6]   rho[9,6]   rho[10,6]   rho[11,6]   rho[12,6]   rho[13,6]   rho[14,6]   rho[15,6]   rho[16,6]   rho[17,6]   rho[18,6]   rho[19,6]   
rho[0,7]   rho[1,7]   rho[2,7]   rho[3,7]   rho[4,7]   rho[5,7]   rho[6,7]   rho[7,7]   rho[8,7]   rho[9,7]   rho[10,7]   rho[11,7]   rho[12,7]   rho[13,7]   rho[14,7]   rho[15,7]   rho[16,7]   rho[17,7]   rho[18,7]   rho[19,7]   
rho[0,8]   rho[1,8]   rho[2,8]   rho[3,8]   rho[4,8]   rho[5,8]   rho[6,8]   rho[7,8]   rho[8,8]   rho[9,8]   rho[10,8]   rho[11,8]   rho[12,8]   rho[13,8]   rho[14,8]   rho[15,8]   rho[16,8]   rho[17,8]   rho[18,8]   rho[19,8]   
rho[0,9]   rho[1,9]   rho[2,9]   rho[3,9]   rho[4,9]   rho[5,9]   rho[6,9]   rho[7,9]   rho[8,9]   rho[9,9]   rho[10,9]   rho[11,9]   rho[12,9]   rho[13,9]   rho[14,9]   rho[15,9]   rho[16,9]   rho[17,9]   rho[18,9]   rho[19,9]   
rho[0,10]   rho[1,10]   rho[2,10]   rho[3,10]   rho[4,10]   rho[5,10]   rho[6,10]   rho[7,10]   rho[8,10]   rho[9,10]   rho[10,10]   rho[11,10]   rho[12,10]   rho[13,10]   rho[14,10]   rho[15,10]   rho[16,10]   rho[17,10]   rho[18,10]   rho[19,10]   

-------------------------------------------------------------------------------------------------------------------------

