MaxIter : 50000, system size : [150x100]

Directions for respectively fin & fout : 

(58,9)     (59,9)     (60,9)     (61,9)     (62,9)     |   (58,9)     (59,9)     (60,9)     (61,9)     (62,9)     
2 5 8        2 5 8        2 5 8        2 5 8        2 5 8        |   6 3 0        6 3 0        6 3 0        6 3 0        6 3 0        
1 4 7        1 4 7        1 4 7        1 4 7        1 4 7        |   7 4 1        7 4 1        7 4 1        7 4 1        7 4 1        
0 3 6        0 3 6        0 3 6        0 3 6        0 3 6        |   8 5 2        8 5 2        8 5 2        8 5 2        8 5 2        

(58,10)     (59,10)     (60,10)     (61,10)     (62,10)     |   (58,10)     (59,10)     (60,10)     (61,10)     (62,10)     
2 5 8        2 5 8        2 5 8        2 5 8        2 5 8        |   6 3 0        6 3 0        6 3 0        6 3 0        6 3 0        
1 4 7        1 4 7        1 4 7        1 4 7        1 4 7        |   7 4 1        7 4 1        7 4 1        7 4 1        7 4 1        
0 3 6        0 3 6        0 3 6        0 3 6        0 3 6        |   8 5 2        8 5 2        8 5 2        8 5 2        8 5 2        

(58,11)     (59,11)     (60,11)     (61,11)     (62,11)     |   (58,11)     (59,11)     (60,11)     (61,11)     (62,11)     
2 5 8        2 5 8        2 5 8        2 5 8        2 5 8        |   6 3 0        6 3 0        6 3 0        6 3 0        6 3 0        
1 4 7        1 4 7        1 4 7        1 4 7        1 4 7        |   7 4 1        7 4 1        7 4 1        7 4 1        7 4 1        
0 3 6        0 3 6        0 3 6        0 3 6        0 3 6        |   8 5 2        8 5 2        8 5 2        8 5 2        8 5 2        

Horizontal Velocity                                                      | Vertical Velocity


u[0,58,9]    u[0,59,9]    u[0,60,9]    u[0,61,9]    u[0,62,9]    |   u[1,58,9]    u[1,59,9]    u[1,60,9]    u[1,61,9]    u[1,62,9]    

u[0,58,10]    u[0,59,10]    u[0,60,10]    u[0,61,10]    u[0,62,10]    |   u[1,58,10]    u[1,59,10]    u[1,60,10]    u[1,61,10]    u[1,62,10]    

u[0,58,11]    u[0,59,11]    u[0,60,11]    u[0,61,11]    u[0,62,11]    |   u[1,58,11]    u[1,59,11]    u[1,60,11]    u[1,61,11]    u[1,62,11]    

Rho

rho[58,9]   rho[59,9]   rho[60,9]   rho[61,9]   rho[62,9]   
rho[58,10]   rho[59,10]   rho[60,10]   rho[61,10]   rho[62,10]   
rho[58,11]   rho[59,11]   rho[60,11]   rho[61,11]   rho[62,11]   

-------------------------------------------------------------------------------------------------------------------------

